937.0 630.0 860.0 573.0 477.0 427.0 238.0 361.0 274.0 313.0 155.0 937.0 155.0 937.0 630.0 860.0 573.0 477.0 427.0 238.0
630.0 3353.0 2189.0 1201.0 931.0 854.0 356.0 620.0 462.0 564.0 210.0 3353.0 210.0 630.0 3353.0 2189.0 1201.0 931.0 854.0 356.0
860.0 2189.0 10169.0 1903.0 1335.0 1252.0 402.0 922.0 584.0 751.0 225.0 10169.0 225.0 860.0 2189.0 10169.0 1903.0 1335.0 1252.0 402.0
573.0 1201.0 1903.0 2639.0 826.0 817.0 323.0 571.0 439.0 512.0 213.0 2639.0 213.0 573.0 1201.0 1903.0 2639.0 826.0 817.0 323.0
477.0 931.0 1335.0 826.0 1646.0 590.0 299.0 464.0 364.0 429.0 191.0 1646.0 191.0 477.0 931.0 1335.0 826.0 1646.0 590.0 299.0
427.0 854.0 1252.0 817.0 590.0 1519.0 271.0 471.0 337.0 395.0 181.0 1519.0 181.0 427.0 854.0 1252.0 817.0 590.0 1519.0 271.0
238.0 356.0 402.0 323.0 299.0 271.0 405.0 235.0 180.0 195.0 116.0 405.0 116.0 238.0 356.0 402.0 323.0 299.0 271.0 405.0
361.0 620.0 922.0 571.0 464.0 471.0 235.0 984.0 279.0 324.0 147.0 984.0 147.0 361.0 620.0 922.0 571.0 464.0 471.0 235.0
274.0 462.0 584.0 439.0 364.0 337.0 180.0 279.0 593.0 277.0 117.0 593.0 117.0 274.0 462.0 584.0 439.0 364.0 337.0 180.0
313.0 564.0 751.0 512.0 429.0 395.0 195.0 324.0 277.0 780.0 131.0 780.0 131.0 313.0 564.0 751.0 512.0 429.0 395.0 195.0
155.0 210.0 225.0 213.0 191.0 181.0 116.0 147.0 117.0 131.0 225.0 225.0 225.0 155.0 210.0 225.0 213.0 191.0 181.0 116.0
937.0 3353.0 10169.0 2639.0 1646.0 1519.0 405.0 984.0 593.0 780.0 225.0 23088.0 225.0 937.0 3353.0 10169.0 2639.0 1646.0 1519.0 405.0
155.0 210.0 225.0 213.0 191.0 181.0 116.0 147.0 117.0 131.0 225.0 225.0 225.0 155.0 210.0 225.0 213.0 191.0 181.0 116.0
937.0 630.0 860.0 573.0 477.0 427.0 238.0 361.0 274.0 313.0 155.0 937.0 155.0 937.0 630.0 860.0 573.0 477.0 427.0 238.0
630.0 3353.0 2189.0 1201.0 931.0 854.0 356.0 620.0 462.0 564.0 210.0 3353.0 210.0 630.0 3353.0 2189.0 1201.0 931.0 854.0 356.0
860.0 2189.0 10169.0 1903.0 1335.0 1252.0 402.0 922.0 584.0 751.0 225.0 10169.0 225.0 860.0 2189.0 10169.0 1903.0 1335.0 1252.0 402.0
573.0 1201.0 1903.0 2639.0 826.0 817.0 323.0 571.0 439.0 512.0 213.0 2639.0 213.0 573.0 1201.0 1903.0 2639.0 826.0 817.0 323.0
477.0 931.0 1335.0 826.0 1646.0 590.0 299.0 464.0 364.0 429.0 191.0 1646.0 191.0 477.0 931.0 1335.0 826.0 1646.0 590.0 299.0
427.0 854.0 1252.0 817.0 590.0 1519.0 271.0 471.0 337.0 395.0 181.0 1519.0 181.0 427.0 854.0 1252.0 817.0 590.0 1519.0 271.0
238.0 356.0 402.0 323.0 299.0 271.0 405.0 235.0 180.0 195.0 116.0 405.0 116.0 238.0 356.0 402.0 323.0 299.0 271.0 405.0
